% Model:              Untitled.mph          
% Version:            COMSOL 6.0.0.318      
% Date:               May 13 2026, 10:53    
% Dimension:          2                     
% Nodes:              896                   
% Elements:           1640                  
% Expressions:        0                     
% Description:                              
% Length unit:        m                     
% Coordinates
0.3904418663597146       0.4034667436252504       
0                        0.6                      
0                        0                        
0.6001622694807462       0                        
0.4442059073250102       0.8938995359372773       
0                        1.2                      
0.4524044454956677       1.481838078000597        
0                        1.8                      
0.9076134771598138       0.5231381372618128       
1.200324538961649        0                        
0.9147756264680199       1.154954219721134        
1.336481417628073        0.9208129179506117       
0.9105829689882228       1.637621878932001        
0.5361031443938952       2.09871223665521         
0                        2.4                      
0.4102508454406119       2.613019379654007        
0                        3                        
1.528596598401733        0.4856944441338761       
1.800486808442552        0                        
1.819760413620534        0.9801355442615888       
1.437365542211333        1.472414770244504        
1.183432156272474        2.056971228350297        
0.9149888132678552       2.566384661614827        
0.6001622695413088       3                        
2.107077302541152        0.490792603134457        
2.400649077923455        0                        
2.393770518928873        0.9868388130278315       
2.069821101853062        1.489588305633615        
1.773879497411666        2.00518999672469         
1.482002866539661        2.515877270136502        
1.200324539082618        3                        
2.699052258934793        0.4928851615198843       
3.000811347404357        0                        
2.993650055440638        0.9868872832570895       
2.679386667905952        1.487849428469412        
2.381860144929886        1.995629616711275        
2.088795172663581        2.500658789271952        
1.800486808623927        3                        
3.298152869490802        0.4938854768405553       
3.60097361688526         0                        
3.59531637793623         0.9912714939921324       
3.290554842711642        1.490431752866978        
2.98845769975871         1.993272589644551        
2.692291927553066        2.497588050688363        
2.400649078165235        3                        
3.898685870470439        0.4948822033082143       
4.201135886366163        0                        
4.196899408756481        0.9927197732352266       
3.894315856082324        1.491775759687118        
3.592325698791554        1.992405718915344        
3.294653548163945        2.496341385766112        
3.000811347706544        3                        
4.499262105861171        0.4954513898540375       
4.801298155847066        0                        
4.797895354295198        0.9934387335904958       
4.496220841656162        1.49260883940844         
4.194678076784894        1.992043409376465        
3.896860993649828        2.496097135853744        
3.600973617247853        3                        
5.099656163246907        0.4957728260833649       
5.401460425327969        0                        
5.398545538536905        0.9938220476802511       
5.097403747199899        1.493304126356962        
4.796347440286299        1.993197201428532        
4.498034035016535        2.496447014447563        
4.201135886789161        3                        
5.699965290763415        0.4959199604488194       
6.001622694808871        0                        
5.999088355722832        0.9940011199126535       
5.698285353875305        1.493766537804423        
5.397522979669898        1.993969348659869        
5.098474431681663        2.496869275475682        
4.80129815633047         3                        
6.300316656772297        0.4960047345157891       
6.601784964289774        0                        
6.599708382619578        0.9941750017036136       
6.299079497257901        1.494064485015451        
5.998635968566045        1.994678951928228        
5.699054026054459        2.496952250319775        
5.401460425871779        3                        
6.900776635799872        0.4961623440610521       
7.201947233770677        0                        
7.200579919749701        0.9944791262141375       
6.899963775282571        1.494309172635952        
6.599341500066529        1.994738915663859        
6.2994914432942          2.496800977263101        
6.001622695413087        3                        
7.501437136209834        0.4964126554664467       
7.80210950325158         0                        
7.801934514404426        0.9948565362037667       
7.50122547696223         1.494639678313527        
7.200376800088851        1.994881844020205        
6.900450470823714        2.496896829780771        
6.601784964954396        3                        
8.102498910062449        0.4966544957584493       
8.402271772732483        0                        
8.404200402350513        0.9950581437799074       
8.103208120850672        1.494961833206761        
7.801823633114769        1.995280769172244        
7.501302118604741        2.497095761226317        
7.201947234495704        3                        
8.704293005268946        0.496630546230879        
9.002434042213386        0                        
9.008099299542742        0.9944921091426809       
8.706523067982632        1.494957340160328        
8.403995150297364        1.995614416727928        
8.102335536436868        2.497330506286852        
7.802109504037013        3                        
9.30728704998624         0.4956679420427129       
9.602596311694288        0                        
9.61494463726685         0.9917838626558743       
9.312301714049726        1.494109335826747        
9.007639585636937        1.995848981324212        
8.703990112052798        2.497642625133965        
8.402271773578322        3                        
14.7791608605421         1.430541345933373        
14.77200418872952        1.398423614594164        
14.82021950857671        1.412370239623731        
9.91198794851155         0.492162822996235        
10.20275858117519        0                        
14.80537252851495        1.453954942248555        
14.74098618309228        1.430981488796123        
14.76319708405959        1.454188856760417        
10.22742697057521        0.983173706618739        
9.922870705767801        1.491438038354401        
9.613732988101395        1.996135683322989        
9.306576184618583        2.498186081448193        
9.002434043119631        3                        
14.79778023923375        1.371220648196042        
14.84383096031704        1.375055087960731        
14.71955156868272        1.398546068085728        
14.75111827936941        1.366992077335215        
14.77796268509895        1.341889553771027        
10.51710883517992        0.4826292783370402       
10.80292085065609        0                        
14.8                     1.5                      
14.7671144172277         1.487635571791           
14.68912136806493        1.436765094698627        
14.72348757844675        1.467853901051658        
14.80537216427982        1.546043518141849        
14.7594997322761         1.535003893075825        
10.84224782339236        0.9618777275764417       
10.54589631933085        1.486250090229534        
10.22366965103797        1.997881514968608        
9.9100692329861          2.500003543080475        
9.602596312660941        3                        
14.82154581331088        1.33259331589138         
14.87505470830357        1.343831264067051        
14.66237801816875        1.39803817562529         
14.69983586430376        1.360766913828044        
14.73900151178398        1.330847952916522        
14.77990027535071        1.307550234620774        
11.11458045177856        0.4589399146804111       
11.42830436133555        0.8816218433644258       
11.40308281991373        0                        
14.7163806756231         1.511020385417871        
14.6267123075811         1.441939393466482        
14.59756578612456        1.397410275623589        
14.66412574261291        1.486532008845909        
14.82021971708151        1.587630188141696        
14.77302677560609        1.578568126334184        
14.71358065188167        1.545886141356546        
14.7301689079038         1.57659927067563         
11.21885303546095        1.477646498943743        
11.7578218391647         1.263057193764747        
10.84045885487301        2.005577142273139        
10.51418346937098        2.504441763677578        
10.20275858220225        3                        
14.81385342149802        1.292858592994076        
14.86242915951301        1.295743205956533        
14.91236981041572        1.32021971778467         
14.91533466779835        1.276376536091434        
14.95395648113992        1.305372164449735        
14.64148121425543        1.352801308049268        
14.5739039249547         1.348565225241648        
14.68486399168547        1.319038342859793        
14.73053152909666        1.290122036163761        
14.77739095111403        1.269569180623212        
11.69381802019372        0.4275106388045593       
11.98533898476605        0.8287429716833508       
11.991268116121          0                        
14.52447926296856        1.395948993658034        
14.67311255016563        1.532208094569866        
14.55524448750021        1.446125245032098        
14.59241126843554        1.488030342447666        
14.62819972545007        1.528567551506776        
14.84383126544579        1.624945293419703        
14.80567565758677        1.639327069323774        
14.77870758536631        1.613589526375672        
14.74436875016326        1.613470464548121        
14.68261349851522        1.577719551526484        
14.70792403898047        1.608947447212619        
12.30067776998387        1.254821009387031        
12.03954964177758        1.607642605901396        
11.69072083539561        1.692717262274266        
11.42597058721221        2.050569092335883        
11.11422301583799        2.516392287566174        
10.80292085174356        3                        
14.82696657210339        1.258377248334748        
14.87512163046695        1.24553750264522         
14.91761607987873        1.235679059913701        
14.96391817851379        1.253285158257223        
15                       1.3                      
15.02002931248256        1.253241052006389        
15.0460450576304         1.305372528486308        
14.49791951711073        1.3398457706147          
14.44750554211959        1.388290628372563        
14.62091836057621        1.305614286540103        
14.55439837753044        1.295694242546498        
14.67007317795949        1.269950672549895        
14.72297547625547        1.241507665088988        
14.77813157215398        1.222645716258268        
12.2399444978358         0.3957868247919998       
12.49146742008267        0.7496603199873421       
12.8068770190903         1.057100767866883        
12.51501294389629        0                        
14.87505508785158        1.656169039595635        
14.83164632510447        1.6810127828681          
14.47473632000161        1.455456817063607        
14.38567688696824        1.453084820950254        
14.63445068134693        1.573254165273545        
14.52187404785417        1.51591128480276         
14.57848284015749        1.556056088558486        
14.78012486369899        1.687491184659541        
14.75682297693684        1.650553235535865        
14.70950448902341        1.64973677245185         
14.65656956696896        1.628778759158225        
12.78413610082072        1.487917114356228        
13.13686530751289        1.268746318837563        
12.43304855918794        1.756020662268168        
12.0114090733626         2.064670920425561        
11.69872151054676        2.537765727110441        
11.40308282128143        3                        
15.15616873405777        1.37505470595979         
15.18996849773111        1.36020263856072         
15.1797802823725         1.412369810738172        
15.1249449117264         1.343830960066723        
15.16718023212044        1.332253148720146        
15.14938187095865        1.302991952620939        
15.07327707905871        1.2630850951158          
15.08762976005643        1.320219508420818        
15.11541803403347        1.291277853927819        
14.83179368956803        1.208130264585313        
14.89086145957128        1.193729227472341        
14.94192275393844        1.205598285932226        
14.98654044145897        1.216676197444819        
15.04818432470844        1.224631842739117        
15.02120185483544        1.209798003881766        
14.92283659096079        1.165149247487736        
15.08105474345333        1.213493153440711        
14.37326100154264        1.37420493784648         
14.27925316493451        1.42313746987878         
14.42919703456225        1.310985592618346        
14.49567991260235        1.285731476012812        
14.60102770519683        1.252624358468219        
14.53463442614734        1.239724021295458        
14.65626570078324        1.20879690403094         
14.78141925036044        1.168003378367215        
14.72058018871616        1.183902522118773        
12.70781173406693        0.3550975448978686       
12.94130615452862        0.6667911543383419       
13.19616455078671        0.9232057507883805       
13.44780703179184        1.118710215291887        
12.94380624151095        0                        
14.80117308945982        1.717766101635607        
14.76242175372943        1.732187473660762        
14.91237024106356        1.679780492125094        
14.8785954991672         1.715393537153517        
14.83391047054662        1.730040759331841        
14.95395494296221        1.694627471653891        
14.91703922838586        1.726563985773105        
14.33544734169098        1.517846839539645        
14.42125680069409        1.544421152204551        
14.58484873894528        1.625195132911689        
14.50911257891295        1.605378054408483        
14.72300937937661        1.704100444933141        
14.66096227774964        1.694519161924876        
14.60681865108909        1.679959794593368        
14.72043159621022        1.764556256495386        
14.19939503013073        1.558537015150344        
14.11474003266244        1.368850558194103        
14.02777829743179        1.550670783179131        
13.9131939871407         1.451377277417725        
13.44510096351703        1.401805839129888        
13.63739092082361        1.248818960179257        
13.70413449443071        1.437716337580371        
13.18606937856727        1.598024535638281        
12.91704594284519        1.908033129615292        
12.54547282633765        2.2130391939235          
12.24638304867836        2.594935924392118        
11.99127678610252        3                        
15.04604351850306        1.694627835634728        
15.08763018882664        1.679780282584624        
15.08001545931135        1.728737316171269        
15.19462783557958        1.453956481263851        
15.22634997615128        1.419411939774328        
15.22225326412487        1.378833319778277        
15.21907705261681        1.344490894038129        
15.20079294986368        1.320907867652345        
15.18182442838502        1.290530767460359        
15.15542951173878        1.257595116749672        
15.11441245051043        1.233361967734362        
15.11662550473407        1.177747317107056        
14.84180116228347        1.157035277675097        
14.88588856054567        1.137672490170796        
14.96225471632292        1.166622320676916        
15.0048255225927         1.170809228890205        
15.04535863371216        1.183541909250918        
14.93325546442567        1.122123913186403        
15.07855368680762        1.1562610858809          
14.30720114149405        1.272509005177329        
14.45401265930348        1.204809034563854        
14.56135794882135        1.162801061446909        
14.6581816495583         1.138432222372342        
14.78974119958731        1.112250042232706        
14.72651544185191        1.12402380644723         
13.11533314654723        0.3183469702695278       
13.32114467810165        0.5970522760868278       
13.52298711369495        0.8308337723087807       
13.88100013373059        1.248265809319883        
13.70788772698423        1.038163478428113        
14.13582614873634        1.150199213554741        
13.29724945186167        0                        
15.0344162639198         1.74408577544862         
15                       1.7                      
14.98477321821019        1.738211021149152        
14.94794389162667        1.743349109317923        
14.7624880130347         1.787615036845694        
14.72647185747767        1.806495156677835        
14.79729691439183        1.759670798262831        
14.89100212528659        1.759885035939126        
14.83111402481766        1.771013132531542        
14.85912012239997        1.754784964223524        
14.92493663545041        1.771143741832271        
14.90016287028303        1.797155092372921        
14.33453236247195        1.62273887695816         
14.42324598676363        1.635798127131897        
14.53905644979031        1.682372884008113        
14.47868865695417        1.678134558366632        
14.67093576752654        1.74977410982949         
14.61652141782593        1.745409643528431        
14.56568596635126        1.730062410962595        
14.68389147070031        1.804043192695395        
14.23823303656417        1.722476753527676        
14.05770304233965        1.704307947665245        
13.83811563311479        1.657830835812791        
13.51434381980722        1.65094239396498         
13.3187994179856         1.874188376591718        
13.20831158295553        2.150869872033817        
12.94969401714796        2.314149385798594        
12.71298916941369        2.640564912429539        
12.51503602846719        3                        
15.19462747156873        1.54604505739775         
15.21961859995456        1.567276943443271        
15.17978049179203        1.587629759619743        
15.23823501774834        1.543494969751594        
15.23775461133351        1.464767687220337        
15.2                     1.5                      
15.23294666537676        1.509432486905362        
15.26672334628718        1.422261937376629        
15.28689442068177        1.451547383540399        
15.20214601269399        1.614506154048073        
15.15616904079601        1.624944910648073        
15.22751871916377        1.594421067624603        
15.1723726079042         1.656432118663693        
15.12494529456186        1.656168733640409        
15.204442060113          1.642916405216474        
15.13257810889497        1.692122821806539        
15.16608021825905        1.684464919894406        
15.11798448298513        1.722796274711074        
15.07762052791862        1.770514142368491        
15.04536566664825        1.78923948505662         
15.11680794743604        1.76164903396149         
15.25696051721005        1.384282402268699        
15.25103757889718        1.345721323815846        
15.23328661620521        1.319356375361895        
15.22414595788634        1.283072935138437        
15.20317036470794        1.239408688033971        
15.16700995419304        1.189438983515833        
15.14548291094863        1.145632319426927        
15.11323928249137        1.128296392643602        
14.84319133084644        1.096970256559142        
14.89575575240534        1.080286800359404        
14.97886549892531        1.118690871935747        
15.03076542666183        1.12642538922452         
14.94937272983306        1.068139184561888        
15.07578971372228        1.098149559722571        
14.34255957176495        1.092490887314674        
14.50666444646446        1.068880135747892        
14.60612044083927        1.087356116776877        
14.67825017633784        1.063712923413325        
14.79721225823157        1.059245171319923        
14.74855350159979        1.068064078768331        
13.46695761909159        0.285961632841236        
13.64545278538272        0.5374678867249368       
13.82309082310608        0.7741508614868725       
13.97989020538569        0.9853593070100987       
14.22570120744296        0.9505651149326458       
13.62630696570529        0                        
15.00711289979282        1.787296271909828        
14.96240090465705        1.782865560947755        
15.03342415435697        1.828083159247407        
14.70972096448864        1.838919328034215        
14.75288519379217        1.838032434904154        
14.80426412849563        1.81297677482701         
14.86097848825427        1.797592366012504        
14.93107079246325        1.817043666642797        
14.89101451490049        1.843926970216211        
14.39167334725562        1.735072722313398        
14.50070774905891        1.746934174745546        
14.63208560498843        1.804151648351715        
14.56551020131267        1.795334768468964        
14.6655791039091         1.858597616703838        
14.30253764055009        1.879113956539711        
14.12922232102696        1.877443323348515        
13.93610297317142        1.862123435623142        
13.67203594245942        1.921854448344953        
13.88007517838695        2.049070840540958        
13.47377479057019        2.16331905224044         
13.28180621638297        2.4207119688977          
13.08802126070302        2.662853920020019        
12.94384111180537        3                        
15.2912168526588         1.390542949761016        
15.25793129949995        1.564793862822665        
15.2767111297213         1.529958899989417        
15.28325027715106        1.488201306597432        
15.31576663606072        1.419244977905848        
15.32634554141616        1.462327117802247        
15.24281975160515        1.62261862713147         
15.27661997258235        1.594266131195037        
15.21022642579105        1.673665623919102        
15.25175610938196        1.65434946832601         
15.1665329224437         1.71751096824135         
15.20973328117571        1.707658338390937        
15.16240107285424        1.753556492882816        
15.07726606323212        1.819371247587646        
15.11700800387995        1.804715251084315        
15.1590590240527         1.791894450581713        
15.2906073339031         1.350400661864027        
15.27137954176202        1.302588856164719        
15.26104939068246        1.22912316020659         
15.22046522688148        1.173050411024782        
15.18647596905416        1.129997566687692        
15.14735196558986        1.097814407385124        
15.11046943770516        1.069931595776649        
14.85071393829044        1.030594857134555        
14.91211248830298        1.026220083120038        
15.0112038993914         1.050267908053078        
14.96504327554769        1.011245530716655        
15.06974471389809        1.039520984547356        
14.4462466768489         0.942203016145448        
14.60948308579956        0.9893602256891076       
14.75189522040146        0.9804700404132434       
13.79625868695095        0.2629026639661239       
13.97340652127891        0.5015658937221115       
14.10801759364321        0.751725153562487        
14.34166704827868        0.7814131120084267       
14.47737753554294        0.8140413039520924       
13.94658522836674        0                        
14.98229719096466        1.841292629609411        
15.0708569291093         1.866466172684431        
15.02643810044395        1.870949510566008        
14.71977719656398        1.887428239189854        
14.78390774937553        1.882019036587022        
14.84255619500491        1.863478703454005        
14.93867852799987        1.880661273420229        
14.89076290133514        1.913457767925493        
14.4637679984264         1.860312608924161        
14.58890943330654        1.878511488607665        
14.65984769470066        1.942329303956567        
14.3838697716945         2.02793705661069         
14.21199878162136        2.054098717330561        
14.03637251794882        2.046076654507837        
13.74303978417976        2.195506203640642        
13.9394296629437         2.179468576228112        
13.59779752680561        2.437395939862782        
13.45340217803161        2.709235522239183        
13.29729591171754        3                        
15.3414695408327         1.371937132296153        
15.30862752405319        1.558997342425414        
15.33702897129753        1.512591528397808        
15.36587883715039        1.418569714375266        
15.38408801966837        1.462486131748728        
15.29162581415872        1.629989932837183        
15.33119672701335        1.594775954328886        
15.25742988365617        1.690305368712246        
15.30399272096766        1.666600852139583        
15.21052162253815        1.744554460689965        
15.25866754379026        1.729566488100668        
15.20648996640883        1.78511123058426         
15.11932109747961        1.85720927508461         
15.15202990041816        1.828768859266294        
15.19743273268235        1.82793358709165         
15.33199549668612        1.306811068246741        
15.32091665341162        1.244606702392491        
15.31010867916376        1.19180572841009         
15.27082846647556        1.158899875394204        
15.23954608719151        1.103184274766832        
15.20772768769215        1.057818939791937        
15.15104019863931        1.039629758274409        
15.11027069530745        1.012591092716975        
14.90065430996164        0.9400716040992062       
15.04337962115247        0.9520711001096426       
14.61482774694433        0.8472055816470937       
14.80215288516109        0.8273182861568048       
14.11803819088332        0.2532237902941123       
14.29584523465066        0.5251876800230609       
14.50826456623366        0.6844729835887006       
14.25763091574779        0                        
14.9922829857421         1.905688036123496        
15.11536658593157        1.908303198236057        
15.05516595700146        1.918848692064615        
14.74672182959832        1.964671411102251        
14.82488265010667        1.943782788798821        
14.95642357479561        1.955249541762183        
14.8904305065721         1.981530792588172        
14.54666599650198        2.010342985240746        
14.69142829136331        2.054423759851998        
14.31456650891974        2.187380631735225        
14.46368170414743        2.176373439893735        
14.11798665707867        2.259354957910769        
14.28752784756535        2.340105471942751        
13.90160850376021        2.426747700932331        
13.76282807240362        2.715768392417725        
13.62636538036664        3                        
15.39034944044328        1.314557039368181        
15.40739381420646        1.368946848673337        
15.3689989148096         1.552779606400521        
15.40955440190535        1.506041051355026        
15.42625465284473        1.415214126262122        
15.43775381569024        1.461538312746363        
15.34864849609295        1.634275820463532        
15.39154695945853        1.59531676281979         
15.31031545006761        1.710052333872928        
15.36351526286586        1.680419808395235        
15.25939208591458        1.773977304241316        
15.31510253349571        1.756619151746095        
15.25281873600125        1.821217212649351        
15.17699672928678        1.880875499813998        
15.23847263289707        1.862198285485442        
15.37792862080247        1.25094077097264         
15.42817749227053        1.267974975708575        
15.36291532534949        1.191934271548132        
15.33484766022264        1.134418815729921        
15.29259559315362        1.0956150745722          
15.26938128509186        1.026381804714569        
15.17937837548195        0.95998675605039         
14.95832346654233        0.8170980963297386       
15.09415275451182        0.8187252145793543       
14.71122224215738        0.67090794346914         
14.87599432495941        0.7081564509824065       
14.42820415665601        0.2428474326635909       
14.5933791320248         0.4609564692926499       
14.55985930395398        0                        
15.16566624546535        1.945740644286011        
15.02312235810489        1.981934921494961        
15.1041927522774         1.980679893719583        
14.82214236226715        2.053125701311165        
14.95535287629897        2.058263197048621        
14.61863310332512        2.172189051695209        
14.75455876178663        2.183884105806051        
14.42048170945295        2.329716437650191        
14.55009017941282        2.285839141478605        
14.18089706104372        2.499502320101629        
14.36080765776982        2.455043079076845        
14.05114654394252        2.721231191472055        
13.9466483015151         3                        
15.45785203330051        1.320081900119686        
15.46255838066715        1.373321179618615        
15.43620607626942        1.548877791963927        
15.47452382353363        1.495741677013967        
15.49359628034499        1.428286693375134        
15.41457216286449        1.643455632316802        
15.46243708300924        1.59968866785029         
15.37267267083624        1.731008163117961        
15.43089000908636        1.697126108275738        
15.31276663614632        1.806804291394482        
15.37680081421925        1.788306329749216        
15.2976509825026         1.866854992177873        
15.25068791013336        1.935974649247923        
15.4993400071932         1.253581220908794        
15.42890244818536        1.202505529084889        
15.40741055038387        1.118806161783707        
15.3461675433309         1.054587933452465        
15.31217820040091        0.948867656605854        
15.24689650037083        0.8238083949487756       
15.0286681285265         0.668104155662034        
15.17115966844538        0.7160659423191753       
14.87280882810594        0.4977715601508265       
14.72222632072145        0.2380889157085252       
14.85497609296657        0                        
15.18968541423826        2.029615830211602        
15.08079219052265        2.065683841525138        
14.89162113117687        2.185324699258113        
15.02293801065349        2.184992881400614        
14.67753107109785        2.327612375827892        
14.8273485607882         2.295276683352394        
14.55821197190729        2.474737860820909        
14.37231897925151        2.695971069548212        
14.25767994387268        3                        
15.53170854832531        1.343762551837597        
15.51288257126743        1.543512551119381        
15.54881979074453        1.488137741437966        
15.5721923080449         1.420582092024012        
15.49039516667402        1.653906626096229        
15.52848769235147        1.605499924503638        
15.44523502863833        1.758035662541002        
15.49743451659469        1.714753190607256        
15.37884022010837        1.863780793385559        
15.44401459430061        1.823518650487239        
15.36659755117338        1.946641338046499        
15.32289536714298        2.034876622565652        
15.60109987592897        1.243940796194159        
15.5245226458725         1.131199104776664        
15.44697076854444        0.9980863847209848       
15.38427472958552        0.8303546657479396       
15.31783510990262        0.6720134560690307       
15.44869077170571        0.7142957445447585       
15.16482304368851        0.5085269672940441       
15.01082929057126        0.2500819991631068       
15.1450193975758         0                        
15.28870063840279        2.159073690837165        
15.15962732204752        2.173940314990176        
14.96739421276011        2.331018335511812        
15.10474586868328        2.278521660010899        
14.82995856270865        2.493756748886684        
14.69639100463056        2.73493304716594         
14.55987972827933        3                        
15.64808970909819        1.361207318108776        
15.59814913734555        1.560165084740265        
15.64066857418326        1.480815582403972        
15.58142647369695        1.673073224710547        
15.53922590487782        1.791624331412763        
15.47904114648315        1.915140630106695        
15.42263749908597        2.01329013996558         
15.41906318982409        2.12466408708514         
15.75083205102034        1.287231847212383        
15.68022741324758        1.129241400799215        
15.60588612944015        0.9700356353543916       
15.53307696589985        0.8250562709366291       
15.57709090288171        0.6675454782794794       
15.43819649251302        0.5207262043965738       
15.3029845352598         0.2630284819457285       
15.44012027222846        0                        
15.39487292734398        2.272525151306405        
15.24635454405477        2.319310674259381        
15.11672142469264        2.485804203843648        
14.98682921365907        2.743192622880719        
14.85498060291313        3                        
15.76630325824929        1.457125459901707        
15.68587504263484        1.592720145437982        
15.68644226242494        1.747960321111774        
15.64079852868477        1.908745257907237        
15.56022981054467        2.057666987454041        
15.51497588252805        2.200636008122137        
15.89978539582597        1.349502202656511        
15.89890307836737        1.490267152303026        
15.83779557124774        1.166955724421765        
15.9764166139963         1.213801457881528        
15.76122820597575        0.9760852968359237       
15.67031064492178        0.8080871756747798       
15.70003511855234        0.6566865105995131       
15.62995299080755        0.5377880416605243       
15.61891798482597        0.2988379770570446       
15.74232005667274        0                        
15.52874885397351        2.31818172475711         
15.40503262714121        2.481584364816865        
15.2778997794919         2.744661737388037        
15.14502390751756        3                        
15.83996895661505        1.638133971189298        
15.82534698647967        1.844750982725657        
15.76295202051859        2.058173416191553        
15.67196463095401        2.230142090007992        
16.05926500570742        1.348278828213297        
15.98441784331906        1.573769818700633        
15.99149643049349        1.457847890541133        
16.11452528466026        1.182940325933386        
15.97639810736401        1.025055778670975        
15.87313509056513        0.7622255210036577       
15.82069376667258        0.5041629534120424       
15.95815777962765        0.2661601579844431       
16.05335169906316        0                        
15.70524156981149        2.47388888619423         
15.57245045185563        2.742801234815521        
15.44014069643967        3                        
16.04369134077674        1.752981612116692        
15.9725025524146         2.01665117150646         
15.88869558431139        2.264036470486522        
16.18720624539105        1.341271468552839        
16.14802941034266        1.529618467353017        
16.2793399194134         1.23650431098676         
16.1900850789493         1.035721193547375        
16.08024938995506        0.83804442068548         
16.12279875331626        0.5793742994540492       
16.2592752916661         0.2792298957271437       
16.37363462023472        0                        
16.02018638165806        2.496029734942552        
15.88077604796363        2.743186446150093        
15.74236908445648        3                        
16.22691867452668        1.757199690587528        
16.17602698968545        1.957188896892831        
16.13830239271573        2.222775650625509        
16.31055868856555        1.423283643921166        
16.36783629370404        1.651679197950473        
16.4374711872036         1.307953345571499        
16.37200685631909        1.095929267673706        
16.30571775089221        0.8373619149730193       
16.45017218854842        0.6123882557545036       
16.57621471618877        0.3041689926840103       
16.70270408891305        0                        
16.32919433214065        2.453295994066385        
16.19795378784615        2.735191773948483        
16.05341477167777        3                        
16.41195708801189        1.900735984321461        
16.41283235604847        2.158632463932307        
16.51257155656219        1.53740188858699         
16.54367547189436        1.726841430050164        
16.60340024991622        1.370214792724749        
16.54694985244516        1.184386169535623        
16.59257856072913        0.917919219525104        
16.754886981909          0.613984097801635        
16.91814388809011        0.320686679951115        
17.05615888894854        0                        
16.65850945263967        2.375586265991995        
16.52805709652792        2.706219655021831        
16.37369303422138        3                        
16.71125841831411        1.992250050284515        
16.78609612618316        1.600976602186559        
16.83075029655728        1.207660205108094        
16.88757608262233        0.8737353601617504       
17.10527143330386        0.655694158708523        
17.3138929461268         0.3505623869399679       
17.48496397246355        0                        
17.01879127518547        2.294497354740381        
16.87241040031285        2.667393593923892        
16.70275054791677        3                        
17.1132168034364         1.89841424928646         
17.18875708261465        1.474034886857932        
17.20989412139031        1.03235440476494         
17.54723457968464        0.7428420226317298       
17.77169956069507        0.3842712864449989       
18.00872321503176        0                        
17.44591701649183        2.21213817334183         
17.27016027156568        2.628058287789139        
17.05619375804158        3                        
17.5911806156113         1.774363126674523        
17.70412455861647        1.276314370085636        
18.01883321683861        0.8243769218176764       
18.30565141242385        0.4290704718192389       
18.59691717986622        0                        
17.95135901495939        2.137671271316957        
17.7393933382004         2.591166016570184        
17.48498705537584        3                        
18.14370921754904        1.647605809158326        
18.22535259972703        1.209492632152999        
18.55813056199452        0.9040925006643413       
18.87960474011687        0.4616821219884173       
19.1970791493439         0                        
18.50887864985527        2.055093457394026        
18.27907464558074        2.545661340970015        
18.00873188282092        3                        
18.70228034513463        1.477645062940075        
19.12853276721521        0.9624751459806308       
19.47478399410141        0.4787371858234979       
19.7972414188248         0                        
19.11457165602388        2.004707262098565        
18.86227338107746        2.517271775123196        
18.59691717893861        3                        
19.40040135928725        1.481821253228117        
19.75465043892879        0.9737539201055168       
20.08070165079342        0.4887524454623973       
20.39740368830569        0                        
19.74743139015838        1.994169961004489        
19.46614505409135        2.502251853547682        
19.19707914825643        3                        
20.05386866024403        1.486327274368541        
20.3725112071822         0.9873936036654204       
20.68724797271872        0.4937619580070753       
20.99756595778659        0                        
20.37126257722723        1.992814096373169        
20.07788979058487        2.497561207107997        
19.79724141779774        3                        
20.67452864417926        1.490878933881133        
20.98316449770945        0.9922105224041812       
21.29158021358884        0.4957908432547005       
21.59772822726748        0                        
20.98287225425473        1.99418462308237         
20.68674093668895        2.496763895256406        
20.39740368733905        3                        
21.28349266845792        1.492343483393118        
21.58909044067432        0.9941281507996105       
21.89410123219186        0.4964832176636936       
22.19789049674837        0                        
21.58881545220702        1.995770678754496        
21.29148324229786        2.497286061712491        
20.99756595688036        3                        
21.88969319920494        1.494484844765526        
22.19244441061442        0.9948348603484912       
22.4954753070123         0.4965859342566651       
22.79805276622927        0                        
22.19202736842284        1.995733547385039        
21.89377285679794        2.497787463462697        
21.59772822642168        3                        
22.49246488333687        1.494807155390981        
22.794133706651          0.9948420316514994       
23.09620188939418        0.4964490655651412       
23.39821503571017        0                        
22.79292122457661        1.995150710249153        
22.49470972608905        2.497584099888674        
22.19789049596299        3                        
23.0937545698541         1.494560230058932        
23.39503840815118        0.9946055954841341       
23.69666641731061        0.496268662795696        
23.99837730519106        0                        
23.39372842784641        1.994627229577034        
23.09479554022232        2.497485201932358        
22.7980527655043         3                        
23.69464555376757        1.494331772728738        
23.99565469406874        0.9943737628028098       
24.29706447506773        0.496173015294362        
24.59853957467195        0                        
23.99481264385677        1.994801261946788        
23.69522022677392        2.497085803272198        
23.39821503504561        3                        
24.29535997048716        1.494137232350011        
24.59630905670359        0.9943496203859987       
24.89750854603065        0.4962449053107018       
25.19870184415285        0                        
24.59481651688276        1.99379536100769         
24.29598534424682        2.496947963320286        
23.99837730458692        3                        
24.89624292139001        1.494227253271545        
25.19714713480131        0.9945555150581348       
25.49809663453527        0.4964365755125494       
25.79886411363374        0                        
25.19671409463409        1.994977079761763        
24.89697315411305        2.497010833174445        
24.59853957412823        3                        
25.49740985781148        1.494584178115313        
25.79818660137694        0.9947116597272897       
26.09889967803944        0.4964341145472231       
26.39902638311464        0                        
25.79776046221944        1.995225613656769        
25.49770232211461        2.497110344437953        
25.19870184366954        3                        
26.09859461516402        1.494647170975127        
26.39952598886133        0.9943889054657107       
26.70000177312229        0.4957545041946741       
26.99918865259553        0                        
26.39867895983523        1.995418722462839        
26.09834398951383        2.497288270033843        
25.79886411321085        3                        
26.7000703461227         1.494099395996469        
27.00164060977901        0.9926222945128561       
27.30172686414724        0.4929295461842487       
27.59935092207643        0                        
26.99919079548305        1.995782952127535        
26.69866736396449        2.497648207530383        
26.39902638275217        3                        
27.30275692387293        1.49194648581355         
27.60577012243084        0.9875786194675328       
27.90437360573658        0.482380977850042        
28.19951319155732        0                        
28.49988924820039        0.4648242933076021       
28.79967546103821        0                        
27.59725109771412        1.998419407360416        
27.29789036577458        2.498434817980617        
26.99918865229348        3                        
27.91118285460269        1.49200277132626         
28.21290155256375        0.973836892337816        
28.79365227324254        0.8966085112695292       
29.093490058103          0.4438728156098293       
29.39983773051911        0                        
29.59361642837071        0.3909908687291403       
30                       0                        
28.18172236960177        2.01024484074453         
27.89077551896253        2.502580585624744        
27.59935092183479        3                        
28.5625406197206         1.519631480211755        
29.08917670112012        1.346074186178662        
29.47475435323143        0.9110815280358724       
30                       0.5999999999999999       
28.6648007384946         2.074672936329748        
28.46892659636079        2.508457137512801        
28.1995131913761         3                        
29.08434784841864        1.843980223295738        
29.534663515269          1.53085452381735         
30                       1.2                      
29.07707344960206        2.463274175413237        
28.79967546091741        3                        
29.55039113312543        2.10481813495118         
30                       1.8                      
29.60626198546284        2.590799887180759        
29.39983773045872        3                        
30                       2.4                      
30                       3                        
% Elements (triangles)
1         2         3         
1         3         4         
5         6         2         
1         5         2         
6         5         7         
7         8         6         
1         4         9         
1         9         5         
10        9         4         
11        7         5         
5         9         11        
12        11        9         
13        7         11        
8         14        15        
8         7         14        
13        14        7         
16        15        14        
16        17        15        
10        18        9         
12        9         18        
18        10        19        
12        18        20        
13        11        21        
12        20        21        
12        21        11        
13        22        14        
13        21        22        
16        14        23        
23        14        22        
16        24        17        
16        23        24        
18        19        25        
20        18        25        
25        19        26        
25        27        20        
20        28        21        
20        27        28        
29        22        21        
29        21        28        
30        23        22        
30        22        29        
23        31        24        
31        23        30        
26        32        25        
27        25        32        
32        26        33        
32        34        27        
35        27        34        
27        35        28        
28        36        29        
36        28        35        
29        37        30        
37        29        36        
30        38        31        
38        30        37        
33        39        32        
34        32        39        
39        33        40        
39        41        34        
42        34        41        
34        42        35        
35        43        36        
43        35        42        
36        44        37        
44        36        43        
37        45        38        
45        37        44        
40        46        39        
41        39        46        
46        40        47        
46        48        41        
49        41        48        
41        49        42        
42        50        43        
50        42        49        
43        51        44        
51        43        50        
44        52        45        
52        44        51        
47        53        46        
48        46        53        
53        47        54        
53        55        48        
56        48        55        
48        56        49        
49        57        50        
57        49        56        
50        58        51        
58        50        57        
51        59        52        
59        51        58        
54        60        53        
55        53        60        
60        54        61        
60        62        55        
63        55        62        
55        63        56        
56        64        57        
64        56        63        
57        65        58        
65        57        64        
58        66        59        
66        58        65        
61        67        60        
62        60        67        
67        61        68        
67        69        62        
70        62        69        
62        70        63        
63        71        64        
71        63        70        
64        72        65        
72        64        71        
65        73        66        
73        65        72        
68        74        67        
69        67        74        
74        68        75        
74        76        69        
77        69        76        
69        77        70        
70        78        71        
78        70        77        
71        79        72        
79        71        78        
72        80        73        
80        72        79        
75        81        74        
76        74        81        
81        75        82        
81        83        76        
84        76        83        
76        84        77        
77        85        78        
85        77        84        
78        86        79        
86        78        85        
79        87        80        
87        79        86        
82        88        81        
83        81        88        
88        82        89        
88        90        83        
91        83        90        
83        91        84        
84        92        85        
92        84        91        
85        93        86        
93        85        92        
86        94        87        
94        86        93        
89        95        88        
90        88        95        
95        89        96        
95        97        90        
98        90        97        
90        98        91        
91        99        92        
99        91        98        
92        100       93        
100       92        99        
93        101       94        
101       93        100       
96        102       95        
97        95        102       
102       96        103       
102       104       97        
105       97        104       
97        105       98        
98        106       99        
106       98        105       
99        107       100       
107       99        106       
100       108       101       
108       100       107       
103       109       102       
104       102       109       
109       103       110       
109       111       104       
112       104       111       
104       112       105       
105       113       106       
113       105       112       
106       114       107       
114       106       113       
107       115       108       
115       107       114       
116       117       118       
110       119       109       
111       109       119       
119       110       120       
121       116       118       
116       122       117       
116       121       123       
123       122       116       
119       124       111       
125       111       124       
111       125       112       
112       126       113       
126       112       125       
113       127       114       
127       113       126       
114       128       115       
128       114       127       
129       118       117       
130       118       129       
122       131       117       
117       132       129       
132       117       131       
133       129       132       
120       134       119       
124       119       134       
134       120       135       
136       137       121       
123       121       137       
131       122       138       
122       123       139       
139       138       122       
123       137       139       
140       141       136       
137       136       141       
134       142       124       
143       124       142       
124       143       125       
125       144       126       
144       125       143       
126       145       127       
145       126       144       
127       146       128       
146       127       145       
129       147       130       
133       147       129       
130       147       148       
138       149       131       
131       150       132       
150       131       149       
132       151       133       
151       132       150       
133       152       147       
133       151       152       
135       153       134       
142       134       153       
153       154       142       
153       135       155       
141       156       137       
139       137       156       
149       138       157       
157       158       149       
138       139       159       
156       159       139       
159       157       138       
140       160       161       
161       141       140       
162       156       141       
161       163       141       
162       141       163       
154       164       142       
165       164       154       
142       164       143       
143       166       144       
166       143       164       
144       167       145       
167       144       166       
145       168       146       
168       145       167       
169       147       152       
148       170       171       
148       147       170       
169       170       147       
171       170       172       
171       172       173       
149       174       150       
174       149       158       
158       175       174       
150       176       151       
176       150       174       
151       177       152       
177       151       176       
152       178       169       
178       152       177       
155       179       153       
154       153       179       
179       180       154       
165       154       180       
179       155       181       
175       158       182       
162       183       156       
183       159       156       
158       157       184       
184       182       158       
157       159       185       
185       184       157       
183       186       159       
186       185       159       
187       188       160       
161       160       189       
189       160       188       
189       190       161       
163       161       190       
162       163       191       
162       191       183       
192       163       190       
192       191       163       
180       193       165       
194       165       193       
195       165       194       
195       164       165       
196       166       164       
195       196       164       
166       197       167       
197       166       196       
167       198       168       
198       167       197       
169       199       170       
169       178       199       
200       172       170       
199       200       170       
201       172       200       
173       202       203       
173       172       202       
201       202       172       
203       204       205       
204       203       202       
182       206       175       
206       182       207       
174       208       176       
208       174       175       
175       209       208       
209       175       206       
210       176       208       
176       210       177       
177       211       178       
211       177       210       
178       212       199       
212       178       211       
181       213       179       
180       179       213       
213       214       180       
180       214       193       
214       215       193       
213       181       216       
217       218       187       
188       187       218       
182       184       219       
207       182       219       
219       220       207       
191       221       183       
186       183       221       
185       222       184       
222       219       184       
186       223       185       
186       221       223       
223       222       185       
218       224       188       
190       189       225       
225       188       224       
189       188       225       
225       226       190       
192       190       226       
192       226       227       
191       227       221       
192       227       191       
228       193       215       
229       228       215       
194       193       230       
230       193       228       
195       231       196       
194       230       231       
194       231       195       
196       232       197       
232       196       231       
197       233       198       
233       197       232       
234       235       236       
237       238       234       
235       234       238       
238       237       239       
205       240       241       
240       205       204       
241       242       237       
239       237       242       
242       241       240       
199       243       200       
243       199       212       
201       200       244       
200       243       244       
201       245       202       
201       244       245       
246       204       202       
246       202       245       
247       240       204       
247       204       248       
248       204       246       
249       245       244       
247       250       240       
251       220       252       
251       207       220       
206       207       253       
207       251       253       
254       209       206       
254       206       253       
208       255       210       
255       208       209       
209       256       255       
209       254       256       
210       257       211       
257       210       255       
212       258       243       
258       212       259       
259       211       257       
211       259       212       
260       213       216       
214       213       260       
260       261       214       
215       214       261       
262       215       261       
229       215       262       
263       229       262       
260       216       264       
265       224       218       
265       266       224       
267       268       217       
218       217       268       
269       218       268       
265       218       269       
267       270       271       
271       268       267       
272       252       220       
219       222       273       
220       219       273       
272       220       273       
227       274       221       
223       221       274       
223       275       222       
274       275       223       
222       275       273       
226       225       276       
266       276       224       
224       276       225       
276       277       226       
227       226       277       
277       278       227       
278       274       227       
266       279       276       
252       280       281       
272       280       252       
282       283       281       
282       281       280       
284       229       263       
285       284       263       
285       286       284       
229       287       228       
287       229       284       
287       288       228       
228       288       230       
230       289       231       
289       230       288       
232       231       290       
289       290       231       
232       291       233       
291       232       290       
292       293       294       
295       236       296       
296       236       297       
235       297       236       
298       297       235       
238       299       235       
298       235       299       
239       300       238       
299       238       300       
300       239       301       
239       242       301       
240       302       242       
250       302       240       
301       242       302       
250       303       302       
243       304       244       
304       243       258       
305       244       304       
249       244       305       
245       306       246       
306       245       249       
248       246       307       
307       246       306       
248       308       247       
247       308       250       
248       307       308       
249       309       306       
249       305       309       
303       250       310       
308       310       250       
252       281       311       
251       311       253       
251       252       311       
253       311       312       
256       254       312       
254       253       312       
255       313       257       
256       313       255       
256       312       313       
257       314       259       
314       257       313       
258       315       304       
259       316       258       
315       258       316       
316       259       314       
317       260       264       
261       260       317       
318       261       317       
262       261       318       
319       262       318       
263       262       319       
285       320       286       
283       320       281       
283       286       320       
321       263       319       
285       263       321       
285       321       320       
281       320       322       
311       281       322       
264       323       317       
292       324       325       
294       324       292       
325       326       270       
326       325       324       
271       270       327       
327       270       326       
279       266       328       
329       279       328       
265       269       330       
265       330       266       
330       328       266       
271       331       268       
332       330       269       
333       269       268       
333       268       331       
333       332       269       
327       334       271       
331       271       334       
334       335       331       
272       273       336       
272       336       280       
337       273       275       
337       336       273       
278       338       274       
274       338       275       
339       275       338       
339       337       275       
277       276       340       
279       340       276       
340       341       277       
278       277       341       
342       278       341       
342       338       278       
279       343       340       
329       343       279       
336       344       280       
344       345       280       
282       280       345       
283       346       286       
282       345       346       
282       346       283       
286       346       347       
284       286       347       
284       347       287       
348       288       287       
348       287       347       
349       288       348       
350       289       288       
349       350       288       
351       290       289       
350       351       289       
290       352       291       
351       352       290       
353       354       355       
354       353       356       
295       357       358       
357       295       296       
358       359       353       
356       353       359       
359       358       357       
296       360       357       
361       357       360       
355       362       363       
362       355       364       
354       364       355       
363       365       366       
365       363       367       
362       367       363       
366       368       293       
368       366       369       
365       369       366       
294       293       370       
368       370       293       
294       371       324       
372       324       371       
370       373       294       
371       294       373       
297       374       296       
360       296       374       
374       297       375       
298       375       297       
376       375       298       
298       299       376       
300       377       299       
376       299       377       
301       378       300       
377       300       378       
378       301       379       
303       379       302       
302       379       301       
380       379       303       
310       381       303       
380       303       381       
305       304       382       
382       304       315       
309       305       383       
383       305       382       
384       306       309       
306       384       307       
307       385       308       
310       308       385       
385       307       384       
383       386       309       
309       386       384       
381       310       387       
385       387       310       
311       322       388       
312       311       388       
312       388       389       
313       312       389       
390       314       313       
390       313       389       
316       314       391       
390       391       314       
315       392       382       
393       315       316       
392       315       393       
393       316       391       
394       317       323       
318       317       394       
395       318       394       
319       318       395       
396       319       395       
321       319       396       
397       321       396       
321       397       320       
322       320       397       
322       397       398       
388       322       398       
399       394       323       
324       400       326       
372       400       324       
334       327       401       
401       326       400       
327       326       401       
372       402       400       
329       403       343       
329       328       404       
329       404       403       
328       330       405       
332       405       330       
328       405       404       
332       333       406       
333       331       406       
335       406       331       
332       406       405       
334       401       407       
335       334       407       
335       407       408       
335       408       406       
336       409       344       
337       409       336       
339       409       337       
342       410       338       
339       338       410       
339       410       409       
341       340       411       
343       411       340       
411       412       341       
342       341       412       
342       412       410       
343       413       411       
403       413       343       
344       409       414       
414       415       344       
345       344       415       
415       416       345       
345       416       346       
417       347       346       
416       417       346       
347       417       348       
418       417       416       
349       348       419       
419       348       417       
349       420       350       
349       419       420       
421       351       350       
420       421       350       
351       422       352       
421       422       351       
374       423       360       
356       424       354       
354       424       364       
424       356       425       
356       359       425       
357       426       359       
361       426       357       
425       359       426       
361       360       427       
423       427       360       
361       428       426       
361       427       428       
364       429       362       
362       429       367       
429       364       430       
424       430       364       
367       431       365       
365       431       369       
431       367       432       
429       432       367       
369       433       368       
368       433       370       
433       369       434       
431       434       369       
373       370       435       
433       435       370       
372       371       436       
372       436       402       
373       437       371       
436       371       437       
435       438       373       
437       373       438       
375       439       374       
423       374       439       
375       440       439       
376       440       375       
376       377       440       
378       441       377       
377       441       440       
379       442       378       
378       442       441       
442       379       443       
380       443       379       
380       444       443       
381       444       380       
387       445       381       
444       381       445       
382       446       383       
392       446       382       
386       383       447       
447       383       446       
384       448       385       
386       448       384       
385       448       387       
449       448       386       
447       449       386       
445       387       450       
450       387       448       
388       398       451       
389       388       451       
389       451       452       
390       389       452       
390       452       391       
391       452       453       
392       453       446       
393       453       392       
393       391       453       
399       454       394       
395       394       454       
454       455       395       
396       395       455       
456       396       455       
397       396       456       
398       397       456       
398       456       457       
457       451       398       
458       451       457       
454       399       459       
407       401       460       
402       460       400       
400       460       401       
436       461       402       
402       462       460       
462       402       461       
403       404       463       
403       463       413       
404       405       464       
404       464       463       
405       406       465       
465       464       405       
408       465       406       
460       466       407       
408       407       466       
466       467       408       
465       408       467       
468       414       409       
410       468       409       
410       412       468       
411       469       412       
413       469       411       
412       469       468       
413       470       469       
463       470       413       
414       468       471       
415       414       472       
471       472       414       
473       415       472       
418       416       473       
415       473       416       
474       419       417       
418       474       417       
418       473       475       
475       474       418       
476       420       419       
474       476       419       
420       477       421       
476       477       420       
422       421       478       
477       478       421       
423       439       479       
423       479       427       
425       480       424       
430       424       480       
480       425       481       
428       481       426       
426       481       425       
427       482       428       
482       427       479       
428       483       481       
483       428       482       
430       484       429       
432       429       484       
484       430       485       
480       485       430       
432       486       431       
431       486       434       
486       432       487       
484       487       432       
434       488       433       
435       433       488       
488       434       489       
486       489       434       
438       435       490       
488       490       435       
461       436       491       
437       491       436       
492       437       438       
492       491       437       
490       493       438       
492       438       493       
439       440       494       
439       494       479       
494       440       495       
441       495       440       
496       495       441       
442       497       441       
496       441       497       
443       498       442       
497       442       498       
498       443       499       
444       499       443       
500       499       444       
445       500       444       
450       501       445       
500       445       501       
446       453       502       
447       446       502       
447       502       449       
449       502       503       
449       503       448       
501       450       503       
450       448       503       
458       504       451       
452       504       453       
452       451       504       
505       453       504       
502       453       505       
459       506       454       
455       454       506       
455       506       507       
456       455       507       
457       456       507       
457       507       508       
458       457       508       
458       508       504       
506       459       509       
466       460       510       
462       510       460       
491       511       461       
462       512       510       
461       512       462       
461       511       512       
463       464       513       
463       513       470       
464       465       514       
514       513       464       
467       514       465       
510       515       466       
466       515       467       
516       467       515       
467       516       514       
517       471       468       
469       517       468       
470       517       469       
470       518       517       
513       518       470       
472       471       519       
471       517       520       
520       519       471       
475       473       521       
472       521       473       
519       521       472       
522       521       519       
474       523       476       
475       521       523       
475       523       474       
477       476       524       
523       524       476       
478       477       525       
524       525       477       
494       526       479       
482       479       527       
527       479       526       
481       528       480       
485       480       528       
528       481       529       
483       529       481       
482       530       483       
530       482       527       
529       483       531       
531       483       530       
485       532       484       
487       484       532       
532       485       533       
528       533       485       
487       534       486       
489       486       534       
534       487       535       
532       535       487       
489       536       488       
490       488       536       
536       489       537       
534       537       489       
493       490       538       
536       538       490       
493       539       492       
491       539       511       
492       539       491       
540       493       538       
493       540       539       
495       541       494       
526       494       541       
542       526       541       
541       495       543       
496       543       495       
496       544       543       
496       497       544       
498       545       497       
545       544       497       
499       546       498       
545       498       546       
499       547       546       
501       503       547       
500       547       499       
500       501       547       
502       505       548       
502       548       503       
503       549       547       
549       503       548       
504       508       550       
505       504       550       
551       505       550       
551       548       505       
509       552       506       
552       507       506       
553       507       552       
508       507       553       
508       553       550       
552       509       554       
555       511       539       
515       510       556       
512       556       510       
512       557       556       
555       557       511       
511       557       512       
513       558       518       
514       558       513       
516       558       514       
556       559       515       
516       559       558       
516       515       559       
560       520       517       
518       560       517       
518       558       561       
560       518       561       
522       519       562       
520       562       519       
563       520       560       
563       562       520       
521       564       523       
522       564       521       
522       562       565       
565       564       522       
524       523       566       
564       566       523       
525       524       567       
566       567       524       
526       568       527       
542       568       526       
527       569       530       
569       527       568       
529       570       528       
533       528       570       
570       529       571       
531       571       529       
531       572       571       
531       530       572       
569       572       530       
533       573       532       
535       532       573       
573       533       574       
570       574       533       
535       575       534       
537       534       575       
575       535       576       
573       576       535       
537       577       536       
538       536       577       
577       537       578       
575       578       537       
540       538       579       
577       579       538       
540       580       539       
540       579       580       
555       539       580       
542       581       568       
543       582       541       
542       541       582       
542       582       581       
543       583       582       
544       583       543       
545       546       584       
545       584       544       
544       584       583       
546       547       585       
546       585       584       
586       547       549       
585       547       586       
549       548       587       
551       587       548       
588       549       587       
588       586       549       
550       553       589       
551       550       589       
551       589       587       
554       590       552       
553       552       590       
553       590       589       
590       554       591       
555       580       592       
555       592       557       
556       593       559       
557       593       556       
557       592       593       
561       558       594       
559       594       558       
593       595       559       
594       559       595       
563       560       596       
561       596       560       
597       561       594       
597       596       561       
565       562       598       
563       596       598       
563       598       562       
564       599       566       
565       598       599       
565       599       564       
567       566       600       
599       600       566       
569       568       601       
568       581       601       
569       601       572       
571       602       570       
574       570       602       
602       571       603       
571       572       603       
604       603       572       
604       572       601       
574       605       573       
576       573       605       
605       574       606       
606       574       602       
576       607       575       
578       575       607       
607       576       608       
608       576       605       
578       609       577       
579       577       609       
578       610       609       
607       610       578       
579       611       580       
609       611       579       
580       612       592       
611       612       580       
581       613       601       
583       614       582       
582       614       581       
581       614       613       
584       585       615       
583       615       614       
584       615       583       
585       616       615       
616       585       586       
588       617       586       
586       617       616       
618       616       617       
587       589       619       
588       587       619       
588       619       617       
590       591       620       
620       589       590       
589       620       619       
621       620       591       
612       622       592       
593       623       595       
593       592       623       
623       592       622       
597       594       624       
595       624       594       
625       595       623       
625       624       595       
596       626       598       
597       624       626       
597       626       596       
598       627       599       
626       627       598       
600       599       628       
627       628       599       
601       613       629       
604       601       629       
602       603       630       
606       602       630       
630       603       631       
604       631       603       
604       629       631       
606       632       605       
605       632       608       
606       630       632       
608       633       607       
608       632       633       
607       633       610       
610       633       634       
610       634       609       
609       634       611       
611       635       612       
635       611       634       
612       636       622       
635       636       612       
629       613       637       
613       638       637       
613       614       638       
615       639       614       
638       614       639       
618       640       616       
616       640       615       
639       615       640       
618       641       640       
617       619       642       
617       642       618       
618       642       641       
620       621       643       
643       619       620       
619       643       642       
644       643       621       
636       645       622       
625       623       646       
622       646       623       
645       646       622       
624       647       626       
625       646       647       
625       647       624       
627       626       648       
647       648       626       
628       627       649       
648       649       627       
629       637       650       
631       629       650       
630       651       632       
630       631       651       
631       650       651       
632       652       633       
632       651       652       
633       653       634       
633       652       653       
634       653       654       
635       634       654       
635       654       636       
655       636       654       
655       645       636       
637       656       650       
657       650       656       
658       637       638       
637       658       656       
659       656       658       
638       660       658       
660       638       639       
639       661       660       
640       661       639       
640       641       661       
662       661       641       
663       641       642       
662       641       663       
643       644       664       
642       643       664       
663       642       664       
665       664       644       
655       666       645       
646       667       647       
666       667       645       
645       667       646       
648       647       668       
667       668       647       
649       648       669       
668       669       648       
651       670       652       
651       650       670       
657       670       650       
652       671       653       
652       670       671       
653       672       654       
653       671       672       
672       673       654       
655       673       666       
655       654       673       
659       674       656       
675       670       657       
676       656       674       
657       656       676       
676       675       657       
659       677       674       
658       660       678       
659       658       678       
659       678       677       
662       679       661       
660       679       678       
661       679       660       
663       664       680       
663       680       662       
662       680       679       
664       665       681       
680       664       681       
682       681       665       
666       683       667       
666       673       683       
668       667       684       
683       684       667       
669       668       685       
684       685       668       
670       686       671       
675       686       670       
672       671       687       
671       686       687       
673       688       683       
673       672       688       
672       687       688       
689       674       677       
675       690       686       
675       676       690       
676       674       690       
689       690       674       
691       689       677       
677       678       692       
677       692       691       
693       678       679       
678       693       692       
680       681       694       
679       680       694       
693       679       694       
681       682       695       
695       694       681       
696       695       682       
688       697       683       
684       683       698       
697       698       683       
685       684       699       
699       684       698       
700       686       690       
701       687       686       
700       701       686       
688       702       697       
688       687       702       
687       701       702       
689       691       703       
689       703       690       
703       704       690       
700       690       704       
705       703       691       
691       706       705       
706       691       692       
693       694       707       
693       707       692       
692       707       706       
694       695       708       
707       694       708       
695       696       709       
709       708       695       
710       709       696       
702       711       697       
697       712       698       
712       697       711       
698       713       699       
713       698       712       
700       714       701       
700       704       714       
702       715       711       
702       701       715       
714       715       701       
716       704       703       
703       705       716       
717       714       704       
704       716       717       
718       716       705       
719       705       706       
705       719       718       
707       708       720       
706       707       720       
719       706       720       
708       709       721       
708       721       720       
709       710       722       
722       721       709       
723       722       710       
715       724       711       
711       725       712       
711       724       725       
712       726       713       
712       725       726       
715       727       724       
714       727       715       
714       717       727       
717       728       727       
717       716       728       
716       718       728       
719       720       729       
718       719       729       
718       729       728       
730       720       721       
730       729       720       
721       722       731       
730       721       731       
722       723       732       
731       722       732       
733       732       723       
724       727       734       
725       724       735       
724       734       735       
726       725       736       
725       735       736       
737       734       727       
727       728       737       
738       737       728       
728       729       738       
730       731       739       
730       739       729       
739       738       729       
731       732       740       
739       731       740       
732       733       741       
740       732       741       
741       733       742       
734       737       743       
735       734       744       
734       743       744       
736       735       745       
735       744       745       
743       737       746       
737       738       746       
739       740       747       
739       747       738       
746       738       747       
740       741       748       
748       747       740       
742       749       741       
748       741       749       
749       742       750       
743       746       751       
744       743       752       
752       743       751       
745       744       753       
744       752       753       
751       746       754       
746       747       754       
755       747       748       
755       754       747       
749       756       748       
755       748       756       
750       757       749       
756       749       757       
757       750       758       
754       759       751       
751       760       752       
760       751       759       
752       761       753       
761       752       760       
755       756       762       
755       762       754       
754       762       759       
757       763       756       
756       763       762       
758       764       757       
763       757       764       
764       758       765       
759       762       766       
759       767       760       
767       759       766       
760       768       761       
768       760       767       
763       769       762       
766       762       769       
764       770       763       
769       763       770       
765       771       764       
770       764       771       
771       765       772       
769       773       766       
767       766       774       
774       766       773       
767       775       768       
775       767       774       
770       776       769       
773       769       776       
771       777       770       
776       770       777       
772       778       771       
777       771       778       
778       772       779       
776       780       773       
773       781       774       
781       773       780       
774       782       775       
782       774       781       
777       783       776       
780       776       783       
778       784       777       
783       777       784       
779       785       778       
784       778       785       
785       779       786       
783       787       780       
780       788       781       
788       780       787       
781       789       782       
789       781       788       
784       790       783       
787       783       790       
785       791       784       
790       784       791       
786       792       785       
791       785       792       
792       786       793       
790       794       787       
787       795       788       
795       787       794       
788       796       789       
796       788       795       
791       797       790       
794       790       797       
792       798       791       
797       791       798       
793       799       792       
798       792       799       
799       793       800       
797       801       794       
794       802       795       
802       794       801       
795       803       796       
803       795       802       
798       804       797       
801       797       804       
799       805       798       
804       798       805       
800       806       799       
805       799       806       
806       800       807       
804       808       801       
801       809       802       
809       801       808       
802       810       803       
810       802       809       
805       811       804       
808       804       811       
806       812       805       
811       805       812       
807       813       806       
812       806       813       
813       807       814       
811       815       808       
808       816       809       
816       808       815       
809       817       810       
817       809       816       
812       818       811       
815       811       818       
813       819       812       
818       812       819       
814       820       813       
819       813       820       
820       814       821       
818       822       815       
815       823       816       
823       815       822       
816       824       817       
824       816       823       
819       825       818       
822       818       825       
820       826       819       
825       819       826       
821       827       820       
826       820       827       
827       821       828       
825       829       822       
822       830       823       
830       822       829       
823       831       824       
831       823       830       
826       832       825       
829       825       832       
827       833       826       
832       826       833       
828       834       827       
833       827       834       
834       828       835       
832       836       829       
829       837       830       
837       829       836       
830       838       831       
838       830       837       
833       839       832       
836       832       839       
834       840       833       
839       833       840       
835       841       834       
840       834       841       
841       835       842       
839       843       836       
836       844       837       
844       836       843       
837       845       838       
845       837       844       
840       846       839       
843       839       846       
841       847       840       
846       840       847       
842       848       841       
847       841       848       
848       842       849       
846       850       843       
843       851       844       
851       843       850       
844       852       845       
852       844       851       
847       853       846       
850       846       853       
848       854       847       
853       847       854       
849       855       848       
854       848       855       
855       849       856       
853       857       850       
850       858       851       
858       850       857       
851       859       852       
859       851       858       
854       860       853       
857       853       860       
855       861       854       
860       854       861       
862       856       863       
856       862       855       
861       855       862       
863       864       862       
864       863       865       
860       866       857       
857       867       858       
867       857       866       
858       868       859       
868       858       867       
861       869       860       
866       860       869       
870       862       864       
862       870       861       
869       861       870       
864       871       870       
872       865       873       
865       872       864       
871       864       872       
874       872       873       
874       873       875       
876       866       869       
866       877       867       
877       866       876       
867       878       868       
878       867       877       
870       871       879       
870       879       869       
876       869       879       
880       879       871       
874       881       872       
872       881       871       
880       871       881       
874       875       882       
874       882       881       
883       876       879       
876       884       877       
883       884       876       
877       885       878       
884       885       877       
880       886       879       
883       879       886       
880       881       887       
880       887       886       
888       881       882       
888       887       881       
883       889       884       
883       886       889       
884       890       885       
890       884       889       
886       887       891       
891       889       886       
887       888       892       
892       891       887       
893       889       891       
890       889       894       
893       894       889       
891       892       895       
893       891       895       
893       895       896       
893       896       894       
